NAME MDC SIMULATION - SHANTYTOWN NODELIST INPUT - H and T NODES ONLY 
COMMENT Sensor Node Relative Placement provided by IIST
DIMENSION 2405
NODE_COORD_SECTION
1    245662605    519.66    103.06
2    245662886    302    205.18
3    245663010    626.74    221.23
4    245663026    597.06    223.66
5    245663027    629.98    253.47
6    245663047    584.23    255.52
7    245663089    599.96    266.05
8    245663203    653.29    286.03
9    245663212    357.05    298.07
10    245663228    624.74    303.35
11    245663296    612.3    294.96
12    245663299    694.89    344.04
13    245663570    19.74    403.75
14    245663604    121.7    412.43
15    245663639    201.74    409.86
16    245663762    710.36    469.6
17    245663783    21.89    467.57
18    245663848    233.68    526.74
19    245663849    660.49    478.77
20    245663959    629.34    516.3
21    245664001    604.4    527.48
22    245664037    552.37    550.76
23    245664057    391.52    575.2
24    245664141    820.19    577.88
25    479079566    327.93    508.84
26    479079568    306.3    481.33
27    479079571    339.5    537.4
28    479079572    339.87    527.88
29    479079579    420.99    569.45
30    588002913    105.99    491.99
31    619309815    714.75    655.26
32    631470659    657.12    189.4
33    631470661    594.62    198.99
34    631473301    553.54    160.79
35    631489561    601.48    406.64
36    631489579    592.03    367.05
37    631493988    479.54    205.17
38    631493989    515.33    175.95
39    631493992    524.92    197.95
40    631493993    543.9    165.74
41    631493995    522.12    230.8
42    631493996    536.86    225.36
43    631493997    535.03    221.15
44    631493998    547.14    248.95
45    631494000    553.05    214.9
46    631494001    564.63    211.36
47    631494002    530.44    286.39
48    631494003    556.16    269.65
49    631494005    519.4    268.77
50    631494006    514.97    296.01
51    631494007    569.44    337.47
52    631494013    608.07    312.67
53    631494014    593.08    322.94
54    631494015    616.5    396.68
55    631494016    653.22    377.73
56    631494019    664.24    355.13
57    631494021    652.5    363.84
58    631494024    636.66    385.86
59    631494025    647.03    401.53
60    631494028    612.83    420.99
61    631494040    643.45    459.67
62    631497215    626.1    194.3
63    631497219    646.32    217.26
64    631525419    283.12    175.8
65    631525432    69.44    408.32
66    674704026    424.28    286.81
67    1111890357    258.84    382.94
68    1111890415    349.8    348
69    1179191746    616.7    357.04
70    1179191747    569.5    288.92
71    1179191756    678.17    320.73
72    1179191758    639.66    294.68
73    1179314445    603.56    285.22
74    1179314459    608.71    280.82
75    1233481352    106.92    692.47
76    1365560132    108.25    -64.83
77    1365948814    374.45    205.57
78    1365948850    410.25    234.89
79    1365948866    244.68    246.35
80    1365948877    387.47    277.55
81    1365948880    372.41    282.36
82    1365948888    266.37    304.27
83    1365948890    353.84    292.49
84    1365948902    430.1    295.99
85    1365948906    466.89    299.05
86    1365948908    455.31    307.79
87    1365948914    445.66    315.38
88    1365948926    410.33    314.79
89    1365948927    306.09    314.21
90    1365948930    266.96    314.2
91    1365948934    482.23    317.52
92    1365948937    182.27    316.53
93    1365948941    353.38    318.29
94    1365948952    434.58    322.34
95    1365948954    400.65    325.82
96    1365948956    189.28    323.76
97    1365948960    470.15    326.7
98    1365948966    310.25    326.68
99    1365948968    421.84    329.32
100    1365948969    375.02    329.87
101    1365948971    460.66    333.93
102    1365948980    497.65    338.12
103    1365948983    412.13    338.49
104    1365948985    448.38    342.11
105    1365948990    401.11    345.16
106    1365948992    485.82    345.64
107    1365948995    353.53    345.31
108    1365948996    438.4    348.71
109    1365949007    392.42    350.24
110    1365949009    475.12    353.16
111    1365949013    513.56    357.92
112    1365949016    427.12    356.95
113    1365949018    464.07    360.6
114    1365949022    502.67    363.86
115    1365949024    416.37    363.96
116    1365949025    454.11    368.73
117    1365949032    408.94    368.7
118    1365949033    490.23    372.22
119    1365949036    442.69    375.63
120    1365949039    481.07    378.61
121    1365949041    430.72    382.41
122    1365949044    469.23    386.35
123    1365949048    424.7    387.01
124    1365949051    456.99    394
125    1365949059    537.83    393.67
126    1365949060    454.13    395.57
127    1365949065    475.55    397.56
128    1365949069    447.26    399.29
129    1365949070    439.13    404.91
130    1365949098    173.49    413.66
131    1365949099    282.4    413.21
132    1365949104    263.52    417.75
134    1365949107    492.32    419.99
135    1365949128    266.11    428.24
136    1365949131    326.97    431.6
137    1365949134    564.33    435.6
138    1365949137    559.06    438.03
139    1365949158    382.16    446.82
140    1365949167    202.16    450.9
141    1365949168    256.14    453.69
142    1365949173    480.79    456.02
143    1365949191    489.64    465.58
144    1365949194    490.97    467.01
145    1365949196    146.94    470.45
146    1365949215    441.82    477.27
147    1365949223    481.44    479.01
148    1365949225    440.84    480.57
149    1365949230    585.2    481.96
150    1365949233    564.52    485.87
151    1365949240    556.84    487.55
152    1365949243    482.86    490.22
153    1365949245    544.91    491.83
154    1365949248    564.66    492.4
155    1365949250    528.26    492.59
156    1365949254    470.44    494.49
157    1365949256    485.98    495.71
158    1365949257    475.44    496.56
159    1365949259    531.9    497
160    1365949261    318.68    497.08
161    1365949280    443.01    498.62
162    1365949284    142.93    499.71
163    1365949289    517.53    500.33
164    1365949292    388.86    500.46
165    1365949300    570.14    503.9
166    1365949360    469.06    506.63
167    1365949368    416.31    507.81
168    1365949373    355.95    511.12
169    1365949380    388.39    513.09
170    1365949381    429.67    513.11
171    1365949392    379.41    514.22
172    1365949397    429.67    517.95
173    1365949405    346.48    519.22
174    1365949433    414.71    527.61
175    1365949434    442.26    530.79
176    1365949435    242.14    531.12
177    1365949448    412.6    531.14
178    1365949451    540.41    531.88
179    1365949455    586.72    534.81
180    1365949457    525.91    535.97
181    1365949465    500.11    538.8
182    1365949478    570.6    542.09
183    1365949483    475.42    549.88
184    1365949485    503.47    551.64
185    1365949489    501.23    554.24
186    1365949491    451.49    555.89
187    1365949513    409.78    565.85
188    1365949516    510.08    569.39
189    1365949521    457.6    569.82
190    1365949524    441.78    570.13
191    1448109547    340.75    389.14
192    1448109551    239.18    440.25
193    1448109561    212.01    457.86
194    1448109577    228.34    431.16
195    1448109580    350.28    392.59
196    1448109582    427.93    460.18
197    1448109585    214.53    442.56
198    1448109591    320.89    499.88
199    1448109592    319.78    488.82
200    1448109593    371.02    443.28
201    1448109596    284.76    396.82
202    1448109598    379.04    446.09
203    1448109601    349.99    515.31
204    1448109605    419.81    448.37
205    1448109608    347.98    513.75
206    1448109616    347.21    509.19
207    1448109632    395.73    484.98
208    1448109637    272.77    415.24
209    1448109645    205.17    447.86
210    1448109648    417.76    438.29
211    1448109667    278.46    422.48
212    1448109669    269.31    437.97
213    1448109675    247.98    410.45
214    1448109677    429.67    469.12
215    1448109681    432.62    473.15
217    1448109693    425.71    461.36
219    1448109700    424.66    448.59
220    1448109702    279.33    423.3
221    1448109706    235.03    413.68
222    1448109712    265.67    461.03
223    1448109731    274.38    469.78
224    1448109741    215.04    420.69
225    1448109756    197.25    432.16
226    1448109775    353.1    426.19
227    1448109781    294.97    454.15
228    1643134423    560.88    185.1
229    1643134428    555.34    187.77
230    1647747082    627.09    526.64
231    1647747137    397.19    580.87
232    1647747238    110.41    694.64
233    1804279347    399.74    487.8
234    1804279359    427.88    435.1
235    1804279364    405.44    441.98
236    2155937885    530.33    101.97
237    2155937886    521.47    107.12
238    2155937893    394.15    165.64
239    2155937896    350.1    189.77
240    2155937898    304.5    209.52
241    2247988609    529.51    87.22
242    2247988658    610.57    149.76
243    2247988688    586.81    159.04
244    2247988763    671.02    244.71
245    2258304493    460.14    -50.22
246    2258304495    456.29    -48.87
247    2258304514    483.77    4.9
248    2258304516    480.75    6.04
251    2370341562    271.67    282.16
252    2370341564    248.06    285.47
253    2370341565    251.21    285.47
254    2370341567    267.79    288.37
255    2370341570    262.06    291.04
256    2370341572    264.6    291.8
257    2370341573    262.26    292.05
258    2370341575    257.57    292.24
259    2370341577    252.98    292.57
260    2370341581    266.61    294.9
261    2370341582    253.62    295.15
262    2370341586    262.8    298.38
263    2370341590    309.68    308.49
264    2370341594    308.4    320.17
265    2370341598    266.22    341.96
266    2370341601    272.07    346.66
267    2370341602    269.24    347.59
268    2370341603    317.76    348.73
269    2370341605    268.56    351.18
270    2370341606    360.36    352.33
271    2370341610    173.74    357.14
272    2370341615    251.09    359.79
273    2370341617    173.55    364.3
274    2370341618    347.66    365.44
275    2370341625    226.72    368.64
276    2370341629    361.31    369.52
277    2370341630    363.2    369.79
278    2370341634    161.24    371.1
279    2370341637    344.69    375.65
280    2370341643    156.7    381.66
281    2370341644    260.98    382.97
282    2370341645    357.05    383.07
283    2370341650    261.93    390
284    2370341653    206.51    393.12
285    2370341655    230.09    395.69
286    2370341657    266.47    398.78
287    2370341658    155.56    398.85
288    2370341666    144.18    412.96
289    2370341670    311.17    423.3
290    2370341676    326.07    439.27
291    2370341679    302.78    440.06
292    2370341683    335.66    446.7
293    2370341684    435.94    447.41
294    2370341685    377.29    448.8
295    2370341699    257.35    454.61
296    2370341703    442.33    457.8
297    2370341708    417.56    460.27
298    2370341709    469.65    460.33
299    2370341711    250.62    460.46
300    2370341712    443.8    460.46
301    2370341713    433.98    461.29
302    2370341714    421.45    461.52
303    2370341721    442.2    464.89
304    2370341723    219.02    467.29
305    2370341726    379.09    468.24
306    2370341729    401.22    469.32
307    2370341732    264.76    469.8
308    2370341733    383.16    469.86
309    2370341734    442.87    469.95
310    2370341743    449.49    477.88
311    2370341745    405.4    478.65
312    2370341753    234.78    498.36
313    2370341754    228.72    502.66
314    2370341756    214.84    518.16
315    2370341762    275.82    535.55
316    2370341763    280.18    538.68
317    2370341764    262.21    548.83
318    2370475492    257.68    303.7
319    2370475493    228.44    303.89
320    2370475494    227.2    317.02
321    2370475499    232.88    337.48
322    2370475503    200.97    357.89
323    2370475509    201.8    364.15
324    2370475513    258.71    365.95
325    2370475515    236.72    368.95
326    2370475520    260.32    370.55
327    2370475524    256.58    372.3
328    2370475531    264.85    374.7
329    2370475533    228.6    375.7
330    2370475538    204.07    377.17
331    2370475539    258.32    377.19
332    2370475540    269.92    377.28
333    2370475551    222.71    390.56
334    2370475552    241.83    390.71
335    2370475554    209.98    391.92
336    2370475556    214.47    393.39
337    2370475558    234.55    393.87
338    2370475559    210.76    394.87
339    2370475560    222.79    399.16
340    2370475561    221.06    400.19
341    2371506660    228.07    222.19
342    2371506662    266.91    230.36
343    2371506663    202.85    321.83
344    2371506664    205.5    327.22
345    2371506673    210.6    343.51
346    2371506674    202.19    345.07
347    2371506677    194.52    350.38
348    2371506679    220.11    351.46
349    2371506682    196.59    352.99
350    2371506690    206.32    358.88
351    2371506693    182.61    359.4
352    2371506701    172.9    366.78
353    2371506702    182.2    366.96
354    2371506705    178.89    367.35
355    2371506706    187.57    367.9
356    2371506708    202.89    369.3
357    2371506709    193.23    369.31
358    2371506712    197.25    377.84
359    2371506713    208.12    383.12
360    2371506717    214.04    390.54
361    2371506718    206.63    395.83
362    2371506720    206.71    397.77
363    2371506722    213.23    399.79
364    2371506724    206.87    400.9
365    2371506727    207    403.36
366    2371506729    197.83    404.03
367    2371506731    213.27    404.83
368    2371506736    198.27    410.53
369    2371509552    324.65    417.61
370    2371509553    323.66    418.28
371    2371509558    330.91    420.56
372    2371509560    322.72    422.01
373    2371509566    326.81    426.5
374    2371596464    222.04    317.37
375    2371596466    209.17    320.22
376    2371596467    206.46    320.91
377    2371596475    210.58    324.3
378    2371596476    174.98    324.63
379    2371596477    208.53    325.13
380    2371596490    204.3    331.66
381    2371596497    194.3    333.24
382    2371596500    187.58    335.17
383    2371596504    195.18    342.36
384    2371596507    133.14    375.83
385    2371596510    143.23    378.02
386    2371596515    151.87    380.04
387    2371596518    156.67    381.54
388    2371633626    288.47    313.18
389    2371633627    281.02    313.54
390    2371633632    266.51    323.15
391    2371633635    281.19    324.72
392    2371633636    288.36    325.5
393    2371633643    277.47    328.1
394    2371633646    281.19    328.75
395    2371633651    302.12    344.48
396    2371633652    296.42    346.13
397    2371633653    293.03    347.11
398    2371633654    287.42    347.51
399    2371633665    304.97    353.67
400    2371633669    153.56    355.06
401    2371633675    306.76    356.15
402    2371633678    304.76    357.71
403    2371633685    164.14    358.68
404    2371633687    300.37    358.72
405    2371633688    297.83    359.73
406    2371633690    302.9    360.29
407    2371633691    295.17    360.48
408    2371633694    293.15    361.11
409    2371633695    149.64    362.64
410    2371633698    154.81    365.44
411    2372964281    338.29    331.77
412    2372964282    351.7    332.19
413    2372964287    338.86    333.75
414    2373073144    338.46    314.52
415    2373073147    340.53    314.91
416    2373073186    352.62    324.53
417    2373073187    346.42    325.14
418    2373073196    332.87    326.58
419    2373073205    337.21    327.86
420    2373073210    352.21    327.99
421    2373111377    251.95    268.31
422    2373111451    274.8    279.51
423    2373111488    249.34    295.8
424    2373111491    244.5    295.98
425    2373111553    308.48    300
426    2373111557    242.77    300.27
427    2373111594    253.82    301.82
428    2373111615    305.29    302.92
429    2373111618    260.51    303.28
430    2373111625    306.83    303.66
431    2373111628    254.26    303.72
432    2373111631    250.4    303.75
433    2373111652    310.23    306.55
434    2373111701    302.63    313.57
435    2373155682    240.61    250.38
436    2373155689    237.1    253.85
437    2373155701    256.43    256.97
438    2373155702    251.57    256.98
439    2373155706    233.12    257.78
440    2373155711    242.98    260.52
441    2373155716    246.8    261.48
442    2373155717    248.78    261.55
443    2373155719    243.46    261.87
444    2373155721    248.71    262.26
445    2373155725    247.01    262.77
446    2373155729    249.46    264.33
447    2373155732    242.98    264.97
448    2373155737    245.85    267.42
449    2373155742    163.06    371.62
450    2373155745    134.56    373.06
452    2373155747    168.39    374.98
453    2373155752    166.34    377.3
454    2373155753    137.89    377.32
455    2373155754    169.35    378.59
456    2373155757    173.17    380.53
457    2373155763    159.24    383.88
458    2373155765    165.79    384.53
459    2373155766    161.97    385.69
461    2373155772    137.39    387.63
462    2373155776    160.88    390.34
463    2373155790    170.59    397.5
464    2373212425    168.19    342.54
465    2373212426    158.44    342.78
466    2373212427    169.96    343.45
467    2373212430    165.04    344.54
468    2373212431    180.82    345.06
469    2373212434    167.3    345.71
470    2373212435    169.62    345.77
471    2373212437    168.46    346.03
472    2373212445    183.21    347.45
473    2373212447    164.7    347.64
474    2373212450    179.52    347.9
475    2373212466    170.1    349.64
476    2373212468    165.8    349.77
477    2373212469    182.18    349.77
478    2373212476    180.82    350.22
479    2373212485    173.44    351.19
480    2373212493    185.87    351.84
481    2373212494    184.56    352.05
482    2373212496    183.55    352.22
483    2373212498    169    352.94
484    2373212499    182.12    352.94
485    2373212504    186.01    354.09
486    2373212505    184.92    354.29
487    2373212506    173.31    354.55
488    2373212507    171.26    354.61
489    2373212511    182.46    355.19
491    2373212521    173.66    360.1
492    2373212523    173.6    362.42
493    2373212526    179.66    363.39
494    2373212528    179.59    364.94
495    2373212530    179.25    366.1
496    2373212531    124.79    401.72
497    2373212534    129.46    403.09
498    2373212537    123.99    404.49
499    2373212541    130.01    405.42
500    2373212543    127.69    406.45
501    2373212544    123.42    406.48
502    2373212546    127.48    407.09
503    2373212548    129.39    407.09
504    2374536599    240.61    250.38
505    2374536665    291.48    278.16
506    2374536669    294.18    280.72
507    2374536670    290.13    281.36
508    2374536673    293.22    283.46
509    2374536674    288.74    283.7
510    2374536675    291    284.94
511    2374536679    288.58    290.3
512    2374536681    291.96    291.58
513    2374536682    287.71    292.22
514    2374536684    278.08    358.38
515    2374536690    278.28    359.93
516    2374536692    283.59    362.12
517    2374536696    282.62    363.76
518    2374536700    285.43    364.86
519    2374536701    283.11    364.95
520    2374536713    281.08    368.87
521    2374536717    276.64    370.42
522    2374536720    290.64    370.7
523    2374536722    289.79    370.91
524    2374536725    295.76    371.41
525    2374536728    163.06    371.62
526    2374536729    282.43    371.98
527    2374536731    290.93    372.36
528    2374536732    156.51    373.04
529    2374536734    134.56    373.06
530    2374536736    286.44    374.2
531    2374536737    158.84    374.51
532    2374536739    168.39    374.98
533    2374536745    279.92    376.54
534    2374536746    166.34    377.3
535    2374536748    169.35    378.59
536    2374536751    173.17    380.53
537    2374536757    159.24    383.88
538    2374536759    165.79    384.53
539    2374536760    161.97    385.69
540    2374536763    135.2    386.98
541    2374536765    153.97    387.12
542    2374536766    137.39    387.63
543    2374536770    160.88    390.34
544    2374536784    170.59    397.5
545    2374540024    550.88    453.3
546    2374540033    563.52    455.84
547    2374540036    563.61    456.7
548    2374540040    569.79    457.43
549    2374540046    564.07    469.74
550    2374540059    580.44    483.03
551    2374553501    249.87    319.1
552    2374553527    249.51    324.8
553    2374570311    571.24    417.88
554    2374570321    561.05    419.25
555    2374570325    567.52    420.24
556    2374570335    556.22    428.04
557    2374570337    588.04    455.36
558    2374570347    585.58    463.39
559    2374570353    575.92    467.64
560    2374570365    588.98    481.04
561    2374570367    593.48    481.44
562    2374570375    577.3    483.74
563    2374570377    592.21    485.13
564    2374570379    571.65    485.31
565    2374570383    569.05    485.67
566    2374570399    579.8    490.75
567    2374570400    578.9    491.09
568    2374570401    587.25    491.6
569    2374570403    574.16    492.06
570    2374570409    579.68    492.71
571    2374570411    582.74    493.36
572    2374570413    580.52    494.44
573    2374570417    578.66    495.35
574    2374570426    572.36    499.78
575    2374570435    573.62    501.48
576    2374570438    568.99    502.13
577    2374570443    601.88    503.19
578    2374570446    594.82    503.4
579    2374570470    582.72    521.6
580    2374570472    590.5    526.32
581    2374581203    497.97    416.45
582    2374581204    500.21    418.47
583    2374581205    491.94    420.5
584    2374581206    483.82    421.2
585    2374581209    488.67    422.88
586    2374581210    472.96    423.36
587    2374581216    494.27    425.05
588    2374581217    474.49    425.29
589    2374581238    487.31    429.7
590    2374581245    486.46    431.95
591    2374581247    494.95    432.75
592    2374581262    475.4    438.79
593    2374581263    512.01    438.85
594    2374581273    478.64    440.27
595    2374581279    468.78    441.5
596    2374581286    480.08    443.44
597    2374581293    518.46    444.71
598    2374581316    495.29    448.54
599    2374581317    491.47    448.7
600    2374581321    505.82    449.02
601    2374581324    499.2    450.3
602    2374581328    492.91    452.87
603    2374581330    499.37    454.07
604    2374581331    488.48    454.57
605    2374581332    520.9    455.36
606    2374597784    534.77    468.75
607    2374597793    539.1    473.23
608    2374597794    550.86    473.23
609    2374597795    549.84    473.86
610    2374597799    550.56    474.99
611    2374597801    541.13    475.81
612    2374597810    535.19    476.92
613    2374597812    551.4    477.94
614    2374597814    556.69    478.34
615    2374597817    548.34    478.74
616    2374597819    549.84    478.96
617    2374597827    542.82    479.87
618    2374597830    540.96    480.38
619    2374597833    548.34    480.67
620    2374597834    554.52    480.67
621    2374597843    548.88    481.74
622    2374597844    544.68    481.8
623    2374597849    557.59    482.54
624    2374597856    562.29    486.36
625    2374601509    510.94    451.46
626    2374601529    502.77    453.39
627    2374601557    514.6    458.9
628    2374601589    530.87    461.85
629    2374601647    533.09    467.92
630    2374601664    514.3    470.08
631    2374601672    528.46    471.89
632    2374641508    537.02    398.36
633    2374641524    531.64    409.83
634    2374641534    535.88    412.36
635    2374641536    537.58    413.76
636    2374641555    549.59    420.14
637    2374641556    545.94    420.78
638    2374641559    548.79    420.86
639    2374641560    549.13    421.79
640    2374677466    357.33    328.52
641    2374677467    360.33    333.27
642    2374677468    351.53    333.6
643    2374677474    351.24    335.99
644    2374677478    357.04    338.47
645    2374677479    356.56    339.57
646    2374677482    350.72    340.34
647    2374677483    353.18    340.39
648    2374677484    359.16    341.26
649    2374677486    358.24    341.93
650    2374677487    350.37    343.26
651    2374677488    352.99    343.31
652    2374677489    356.28    343.34
653    2374677490    267.67    357.85
654    2374689845    326.45    304.45
655    2374689846    328.51    305.59
656    2374689850    324.3    307.69
657    2374689852    325.78    309.99
658    2374689856    322.57    312.77
659    2374689858    323.25    314.97
660    2374689865    326.67    321.68
661    2374708950    506.93    412.39
662    2374708966    529.69    422.95
663    2374708971    547.38    426.83
664    2374709011    519.98    476.58
665    2374709013    519.04    477.47
666    2374709016    533.81    480.12
667    2374709019    529.99    481
668    2374709023    523.12    482.04
669    2374709033    550.18    489.94
670    2374709036    541.97    496.49
671    2374709040    549.27    499.22
672    2374709043    559.12    504.52
673    2374709045    553.09    505
674    2374709056    540.09    507.76
675    2374709062    541.68    510.03
676    2374709064    553.77    510.46
677    2374709065    533.35    510.46
678    2374709067    558.36    510.78
679    2374709077    554.96    513.75
680    2374709080    527.79    513.93
681    2374709083    552.41    514.39
682    2374709084    556.57    514.79
683    2374709091    557.25    516.63
684    2374709092    552.92    516.8
685    2374709099    553.43    517.92
686    2374709101    549.1    518.56
687    2374709116    565.32    525.62
688    2374709124    568.03    529.32
689    2374709125    556.92    529.84
690    2374709130    547.69    531.57
691    2374709131    553.34    532.54
692    2374709132    541.77    534.03
693    2374709135    554.36    537.41
694    2374709136    551.84    539.01
695    2374709138    553.21    540.48
696    2374709144    549.01    545.45
697    2374709145    560.46    546.91
698    2374717414    320.52    313.12
699    2374717416    328.37    314.34
700    2374717424    328.78    321.51
701    2374717432    337.86    322.8
702    2374717440    343.08    324.55
703    2374717441    340.8    325.06
704    2374717450    341.07    326.93
705    2374717452    341.28    328.16
706    2374717456    345.5    332.12
707    2374752684    332.62    327.39
708    2374752691    310.69    328.14
709    2374752705    329.67    330.4
710    2374752712    315.55    332.82
711    2374752718    327.48    333.45
712    2374752719    341.55    333.46
713    2374752721    345.85    333.72
714    2374752730    320.04    335
715    2374752731    344.41    335.14
716    2374752733    312.91    335.37
717    2374752737    316.83    335.84
718    2374752739    328.75    336.02
719    2374752747    313.33    336.71
720    2374752749    332.14    337.25
721    2374752752    317.61    337.39
722    2374752757    326.77    338.3
723    2374752759    318.18    338.53
724    2374752761    342.23    338.82
725    2374752765    324.17    339.3
726    2374752770    314.45    339.76
727    2374752771    326.63    339.99
728    2374752772    339.22    340.49
729    2374752773    340.18    341.33
730    2374752778    315.73    343.23
731    2374752784    317.99    349.79
732    2374752798    320.92    356.11
733    2374752800    322.15    356.7
734    2374752807    327.68    358.05
735    2374752808    321.67    358.31
736    2374752819    323.86    360.18
737    2374752823    322.43    361.15
738    2374752825    324.75    361.86
739    2376270090    264.1    358.53
740    2376270091    261.47    360.23
741    2376270093    256.54    362.78
742    2376270094    253.1    364.26
743    2376270102    144.51    374.11
744    2376270104    137.39    374.35
745    2376270106    147.01    374.35
746    2376270107    148.23    374.78
747    2376270110    147.27    376.78
748    2376270117    151.69    381.92
749    2376270119    173.51    383.58
751    2376270130    136.3    404.42
753    2376270138    134.22    412.72
754    2376271104    328.42    249.75
755    2376271106    329.23    251.1
756    2376271108    316.66    253.2
757    2376271112    319.68    254.04
758    2376271114    317.14    254.55
759    2376271117    315.57    255.08
760    2376271120    321.98    255.8
761    2376361095    319.11    234.1
762    2376361102    312.85    245.15
763    2376361103    331.24    254.48
764    2376361116    319.19    260.3
765    2376361117    305.16    260.3
766    2376361127    307.39    261.29
767    2376361137    307.84    262.32
768    2376361165    291.88    265.95
769    2376361188    301.18    267.52
770    2376361194    270.01    268.19
771    2376361214    315.1    273.47
772    2376361223    305.09    275.22
773    2376361229    252.86    301.59
774    2376361230    253.05    303.73
775    2376361235    266.55    307.4
776    2376361245    281.16    316.12
777    2376361253    238.07    326.15
778    2376361254    244.67    326.27
779    2376361256    230.42    326.41
780    2376361269    231.5    330.28
781    2376361270    238.45    330.33
782    2376361277    240.18    332.76
783    2376361280    244.35    334.51
784    2376361281    241.02    335.3
785    2376361286    250.06    337
786    2376361295    261.04    353.04
787    2376361301    273.67    358.19
788    2376361302    258    358.34
789    2376361303    256.99    358.58
790    2376361304    254.68    359.37
791    2376361305    258.17    361.85
792    2376361498    299.83    282.44
793    2376361501    304.83    283.1
794    2376361504    310.35    287.35
795    2376361508    306.7    293.58
796    2376377903    314.93    227.05
797    2376377905    316.53    229.75
798    2376377911    305.05    231.65
799    2376377917    307.42    233.65
800    2376377923    303.37    236.75
801    2376377928    300.36    240.99
802    2376377970    285.23    263.62
803    2376377974    291.07    264.65
804    2376377977    295.07    287.18
805    2376377985    277.33    292.27
806    2376377986    271.75    292.35
807    2376378001    290.52    295.72
808    2376378010    305.4    296.82
809    2376378030    276.83    300.58
810    2376378031    278.82    300.58
811    2376378034    297.45    300.7
812    2376378036    288.76    300.87
813    2376378042    278.73    303.24
814    2376378043    272.48    303.46
815    2376378045    295.91    304.09
816    2376378047    300.75    305.9
817    2376378048    302.35    306.56
818    2376378052    240.61    307.59
819    2376378057    304.93    308.21
820    2376378059    248.77    308.79
821    2376378065    253.04    310.77
822    2376378072    262.41    314.63
823    2376378073    253.39    315.24
824    2376378074    248.69    315.56
825    2376391976    249.88    268.75
826    2376391979    287.6    269.19
827    2376392033    309.01    277.3
828    2376392044    306.95    277.91
829    2376392066    250.39    279.91
830    2376392070    246.35    280.09
831    2376392085    254.62    281.12
832    2376392092    284.99    281.63
833    2376392117    296.24    284.51
834    2376392127    255.39    284.88
835    2376392139    269.3    285.95
836    2376392141    299.58    285.97
837    2376392157    311.23    287.82
838    2376392161    256.03    288.09
839    2376392163    312.53    288.52
840    2376392168    299.46    289.6
841    2376392170    300.92    290.4
842    2376392176    262.72    297.24
843    2376392178    266.55    297.24
844    2376392186    262.85    302.94
845    2376411819    199.7    297.15
846    2376411856    229.32    303.88
847    2376411877    214.84    308.01
848    2376411907    216.31    310.4
849    2376411953    226.82    314.89
850    2376411970    218.14    317.93
851    2376411983    251.96    323.66
852    2376411985    244.15    329.89
853    2376411989    252.1    330.96
854    2376412004    245.61    333.1
855    2376412016    205.28    339.08
856    2376412023    243.73    340.51
857    2376412029    210.33    341.56
858    2376412046    201.76    343.68
859    2376412069    203.89    349.97
860    2376412081    195.8    351.99
861    2376412083    259.57    352.03
862    2376412094    252.26    355.55
863    2376412096    141.37    361.34
864    2376412113    152.72    368.83
865    2376412122    153.2    372.13
866    2376412146    128.96    387.25
867    2376412154    133.69    388.11
868    2376412159    222.52    388.42
869    2376412163    133.24    390.43
870    2376412170    137.86    391.37
871    2376412178    136.6    397.72
872    2376412180    131.34    398.56
873    2376426231    311.4    242.78
874    2376426241    332.35    307.7
875    2376426242    335.05    309.18
876    2376426261    335.57    322.03
877    2376426262    274.64    329.35
878    2376426263    276.24    329.41
880    2376426278    277.59    338.14
881    2376426281    344.7    338.54
882    2376426283    285.03    338.81
883    2376426300    285.8    341.35
884    2376426303    347.02    341.75
885    2376426306    350.51    342.11
886    2376426313    277.71    343.17
887    2376426348    333.3    348.33
888    2376426361    345.97    350.55
889    2376426375    338.56    355.48
890    2376426376    331.86    355.53
891    2376426380    333.27    358.43
892    2377631367    340.9    200.28
893    2377631369    350.42    200.46
894    2377631372    338.1    201.46
895    2377631373    367.83    201.84
896    2377631375    317.92    203.5
897    2377631386    359.93    207.28
898    2377631388    360.24    207.79
899    2377631390    357.57    207.93
900    2377631392    355.39    208.23
901    2377631395    370.26    208.64
902    2377631406    406.63    211.73
903    2377631407    398.45    211.81
904    2377631412    373.43    213.1
905    2377631413    404.34    213.31
906    2377631415    361.05    214.22
907    2377631416    374.21    214.59
908    2377631426    369.14    216.52
909    2377631432    376.54    218.4
910    2377631435    388.15    220.09
911    2377631437    324.28    221.51
912    2377631438    377.85    221.63
913    2377631441    327.45    222.93
914    2377631451    368.71    225.51
915    2377631462    371.44    230.51
916    2377631474    320.93    237.15
917    2377631478    311.4    242.78
918    2377631481    337.9    243.74
919    2377631489    363.62    246.81
920    2377631491    339.39    247.51
921    2377631497    356.23    250.64
922    2377631501    367.22    253.97
923    2377631519    353.22    261.16
924    2377631520    335.28    261.28
925    2377631532    349.74    265.35
926    2377631533    350.38    266.85
927    2377631536    351    268.2
928    2377631539    345.39    268.57
929    2377631548    340.86    270.66
930    2377631556    346.72    280.51
931    2377631558    335.05    309.18
932    2377631580    274.64    329.35
933    2377631581    276.24    329.41
935    2377631596    277.59    338.14
936    2377631599    344.7    338.54
937    2377631601    285.03    338.81
938    2377631613    285.8    341.35
939    2377631616    347.02    341.75
940    2377631619    350.51    342.11
941    2377631626    277.71    343.17
942    2377631661    333.3    348.33
943    2377631674    345.97    350.55
944    2377631688    338.56    355.48
945    2377631689    331.86    355.53
946    2377636434    382.1    219.65
947    2377636454    372.52    241.88
948    2377636458    373.21    243.88
949    2377636462    374.7    246.12
950    2377636463    386.02    246.58
951    2377636470    353.41    249.03
952    2377636472    378.25    249.59
953    2377636473    387.76    249.87
954    2377636474    379    250.53
955    2377636483    379.99    254.11
956    2377636492    371.52    258.08
957    2377636493    359.32    258.61
958    2377636499    372.32    259.44
959    2377636501    373.94    261.08
960    2377636507    384.78    262.99
961    2377636512    358.33    264.73
962    2377636513    353.72    264.9
963    2377636515    375.31    265.2
964    2377636521    375.56    265.91
965    2377636523    354.97    266.43
966    2377636525    373.88    266.73
967    2377636535    370.83    270.32
968    2377636539    366.17    272.02
969    2377642521    379.16    210.57
970    2377642524    383.72    215.4
971    2377642525    378.69    216.92
972    2377642529    376.89    219.63
973    2377642542    365.5    226.16
974    2377642545    369.18    227
975    2377642551    357.66    228.75
976    2377642554    356.36    229.45
977    2377642560    365.95    230.5
978    2377642569    347.19    232.81
979    2377642582    357.13    235.55
980    2377642584    354.84    236.46
981    2377642598    383.22    241.66
982    2377642613    362.35    243.1
983    2377642621    378.8    244.08
984    2377642648    394.08    251.75
985    2377642664    393.71    255.87
986    2377642666    395.26    256.33
987    2377642670    397.25    258.98
988    2377647620    552.96    394.13
989    2377647623    559.13    395.44
990    2377647626    550.9    395.67
991    2377647630    552.61    396.24
992    2377647637    546.61    398.06
993    2377647641    553    398.93
994    2377647642    555.05    399.45
995    2377647643    548.63    399.53
996    2377647644    542.17    399.82
997    2377647645    548.08    400.36
998    2377647651    550.06    402.07
999    2377647671    547.37    407.71
1000    2377647721    554.72    417.99
1001    2377647722    553.76    418.38
1002    2377647725    555.56    419.34
1003    2377647726    551.33    419.4
1004    2377647728    573.34    422.93
1005    2377647730    567.43    425.57
1006    2377647732    569.42    428.99
1007    2377647734    559.21    430.05
1008    2377647736    566.21    430.79
1009    2377647739    576.55    432.59
1010    2377647740    561.56    432.6
1011    2377647746    563.72    434.94
1012    2377647747    577.91    440.16
1013    2377647753    549.83    455.63
1014    2377647768    552.68    463.49
1015    2377647774    581.49    465.19
1016    2377647775    563.99    465.62
1017    2377647780    555.65    467.98
1018    2377647781    551.97    469.44
1019    2377647790    597.23    474.95
1020    2377647792    593.75    476.24
1021    2377647795    595.45    479.89
1022    2377647797    564.36    480.67
1023    2377652687    554.8    431.54
1024    2377652688    556.11    432.16
1025    2377652692    557.18    434.93
1026    2377652698    558.49    437.27
1027    2377652709    553.28    440.93
1028    2377652712    560.35    441.6
1029    2377652713    551.8    441.92
1030    2377652716    550.51    442.93
1031    2377652717    556.84    444.07
1032    2377652722    557.81    451.29
1033    2377652723    562.97    452.55
1034    2377652725    595.1    505.53
1035    2377652743    600.48    524.86
1036    2377653607    368.88    179.63
1037    2377653610    407.26    181.86
1038    2377653617    403.03    184.32
1039    2377653618    399.85    184.62
1040    2377653622    373.12    185
1041    2377653637    405.52    188.44
1042    2377653649    409.31    191.62
1043    2377653650    388.25    192.21
1044    2377653657    378.35    193.03
1045    2377653658    386.42    193.03
1046    2377653659    352.65    193.03
1047    2377653667    400.8    198.1
1048    2377653671    404.93    201.6
1049    2377653673    421.7    202.7
1050    2377653677    338.45    203.85
1051    2377653679    423.65    205.4
1052    2377653680    339.7    205.84
1053    2377653689    416.2    207.58
1054    2377653691    342.81    208.2
1055    2377653701    341.38    215.73
1056    2377653703    392.77    215.96
1057    2377653709    396.9    218.57
1058    2377653713    415.05    222.01
1059    2377653720    409.77    223.12
1060    2377653732    407.03    226.42
1061    2377653734    405.16    226.65
1062    2377653740    440.53    229.23
1063    2377653748    407.39    234.57
1064    2377653762    349.26    243.28
1065    2377653787    341.43    251.6
1066    2377653803    332.33    256.31
1067    2377658078    386.62    169.81
1068    2377658082    388.1    173.52
1069    2377658090    392.14    177.63
1070    2377658095    394.26    180.22
1071    2377658097    399.98    182.4
1072    2377658099    416.61    195.62
1073    2377658105    405.15    197.1
1074    2377658108    417.92    197.51
1075    2377658118    420.38    200.92
1076    2377658119    411.14    201
1077    2377658129    355.33    209.75
1078    2377658131    412.13    210.58
1079    2377658162    406.56    220.71
1080    2377658165    359.64    221.06
1081    2377658167    355.06    221.48
1082    2377658175    353.04    222.31
1083    2377658193    398.44    230.43
1084    2377658195    384.78    269.21
1085    2377658205    381.27    273.3
1086    2377658215    381.55    279.44
1087    2377663730    443.34    504.1
1088    2377663731    453.25    504.11
1089    2377663734    456.62    507.01
1090    2377663740    443.68    509.93
1091    2377663744    469.36    511.11
1092    2377663746    455.87    511.69
1093    2377663750    460.55    513.19
1094    2377663754    443.47    514.98
1095    2377663757    455.9    515.55
1096    2377663758    469.66    515.77
1097    2377663760    463.63    516.56
1098    2377663763    463.86    518.02
1099    2377663766    459.29    519.06
1100    2377663767    470.03    519.27
1101    2377663768    463.66    520.33
1102    2377663771    454.98    521.67
1103    2377663784    448.53    530.13
1104    2377663789    442.77    533.93
1105    2377663797    453.33    537.02
1106    2377663803    459.38    539.68
1107    2377663804    457.96    540.23
1108    2377663812    457.26    544.34
1109    2377663818    459.63    548.21
1110    2377663819    447.39    548.33
1111    2377663821    455.94    549.09
1112    2377663825    462.07    550.2
1113    2377663828    464.5    551.07
1114    2377663831    455.13    552.1
1115    2377663832    449.53    552.28
1116    2377663838    455.72    553.53
1117    2377663841    471.06    554.25
1118    2377663845    465.04    555.27
1119    2377663846    468.83    555.32
1120    2377663848    459.46    555.79
1121    2377663849    469    556
1122    2377663852    463.79    556.47
1123    2377663853    462.53    556.83
1124    2377663855    460.17    557.25
1125    2377663859    460.41    558.6
1126    2377663866    453.37    560.18
1127    2377663868    468.37    560.62
1128    2377663870    462.67    560.84
1129    2377663875    469.14    561.46
1130    2377663876    463.8    562.08
1131    2377663878    458.24    563.18
1132    2377663882    463.56    564.15
1133    2377663887    467.02    564.77
1134    2377663894    467.78    569.74
1135    2377663895    458.87    569.81
1136    2377700038    365.96    237.24
1137    2377700042    370.94    239.02
1138    2377700044    368.47    239.48
1139    2377700047    365.48    240.9
1140    2377700054    362.14    242.51
1141    2377700056    381.04    256.35
1142    2377700060    398.2    257.47
1143    2377700064    377.53    258.82
1144    2377700068    375.69    259.9
1145    2377700071    378.81    261.11
1146    2377700084    375.08    263.5
1147    2377700089    376.13    266.51
1148    2377700091    383.96    267.35
1149    2377700101    360.63    273.7
1150    2377700104    362.33    276.3
1151    2377700107    364.69    280.89
1152    2377700108    363.14    281.53
1153    2377700115    366    283.89
1154    2377700117    369.76    284.12
1155    2377700119    362.58    285.59
1156    2377700121    362.87    288.13
1157    2377704872    486.05    471.27
1158    2377704878    489.7    475.27
1159    2377704890    478.25    480.38
1160    2377704894    481.73    481.33
1161    2377704901    503.21    481.36
1162    2377704903    494.13    481.57
1163    2377704911    472.26    481.96
1164    2377704921    499.18    483.45
1165    2377704924    497.42    483.86
1166    2377704925    505.15    483.93
1167    2377704926    488.57    484.29
1168    2377704930    482.26    485.44
1169    2377704931    497.68    485.62
1170    2377704936    464.67    486.79
1171    2377704944    478.08    487.46
1172    2377704948    482.59    488.09
1173    2377704952    490.95    488.29
1174    2377704954    497.03    488.37
1175    2377704958    465.03    488.88
1176    2377704970    467.28    490.34
1177    2377704971    510.19    490.61
1178    2377704973    493.23    491.06
1179    2377704976    479.74    492.89
1180    2377704980    506.68    498.12
1181    2377704981    515.87    498.13
1182    2377704983    496.89    498.87
1183    2377704984    503.59    499.12
1184    2377704989    510.51    502.34
1185    2377704993    508.41    504.01
1186    2377704996    517.52    506.87
1187    2377704997    489.99    508.19
1188    2377704998    479.39    508.62
1189    2377705000    483.76    510.27
1190    2377705001    507.91    510.7
1191    2377705004    511.26    514.29
1192    2377705005    519.64    514.62
1193    2377705011    483.88    515.93
1194    2377705015    519.37    517.29
1195    2377705017    517.26    517.79
1196    2377705019    493.24    518.01
1197    2377705024    533.03    520.86
1198    2377705032    525.92    525.17
1199    2377705034    481.89    526.66
1200    2377705037    521.95    527.59
1201    2377705041    496.79    528.76
1202    2377705045    471.9    529.9
1203    2377705050    463.8    531
1204    2377705054    498.17    532.95
1205    2377705074    521.8    536.65
1206    2377705077    473.25    537.57
1207    2377705079    483.23    537.86
1208    2377705081    504.31    538.66
1209    2377705089    520.98    542.19
1210    2377705090    517.98    542.78
1211    2377705093    512.34    543.78
1212    2377705094    506.91    544.55
1213    2377705098    519.75    547.86
1214    2377705100    515.16    549.28
1215    2377705103    526.62    551.28
1216    2377705105    508.99    551.53
1217    2377705106    529.71    551.94
1218    2377705111    544.58    554.73
1219    2377711176    474.49    474.4
1220    2377711180    469.41    477.37
1221    2377711185    489.04    485.49
1222    2377711190    499.92    486.92
1223    2377711201    501.3    493.76
1224    2377711202    504.88    494.04
1225    2377711203    441.34    494.41
1226    2377711205    536.19    495.3
1227    2377711206    462.65    495.67
1228    2377711207    502.12    496
1229    2377711211    504.66    496.29
1230    2377711212    458.03    496.36
1231    2377711216    538.08    498.56
1232    2377711218    537.14    499.24
1233    2377711221    543.94    500.3
1234    2377711225    542.04    501.05
1235    2377711227    535.31    501.15
1236    2377711233    488.25    502.76
1237    2377711235    551.64    502.8
1238    2377711257    523.84    508.69
1239    2377711258    505.11    513.5
1240    2377711263    510.31    519.96
1241    2377711266    512.03    523.13
1242    2377711267    507.66    524.67
1243    2377711274    512.34    532.13
1244    2377711277    513.16    538.07
1245    2377711278    508.6    549.23
1246    2377711280    503.24    550.76
1247    2377711283    505.24    558.2
1248    2377711290    507.75    562.66
1249    2377711294    522.67    565.91
1250    2377711296    484.81    569.6
1251    2377713344    537.66    553.11
1252    2377716237    366.07    201.42
1253    2377716247    332.42    208.32
1254    2377716294    392.55    239.78
1255    2377716305    363.39    249.49
1256    2377716307    366.35    251.11
1257    2377716309    364.76    252.01
1258    2377716310    365.13    253.07
1259    2377716313    362.7    257.07
1260    2377716316    365.13    260.01
1261    2377716317    357.04    260.48
1262    2377716324    348.62    263.18
1263    2377726056    498.87    460.78
1264    2377726083    495.59    472.01
1265    2377726092    500.11    477.26
1266    2377726098    532.04    477.82
1267    2377726109    511.68    492.59
1268    2377735629    405.18    178.71
1269    2377735641    390.82    187.49
1270    2377735642    386.58    188.31
1271    2377735643    372.82    188.38
1272    2377735648    389.79    190.74
1273    2377735650    334.51    196.42
1274    2377735651    322.84    201.4
1275    2377735656    323.42    209.08
1276    2377735658    334.03    221.18
1277    2377735662    336.43    230.44
1278    2377735666    339.5    234.83
1279    2377735667    338.31    244.44
1280    2377735670    339.14    246.54
1281    2377735681    348.77    250.65
1282    2377735692    342.37    257.8
1283    2377735693    347.13    260.78
1284    2377735698    337.62    265.21
1285    2377735703    357.64    269.78
1287    2377739034    384.27    190.97
1288    2377739038    414.11    191.76
1289    2377739043    377.77    192.54
1291    2377739065    403.2    202.67
1292    2377739081    402.99    206.75
1293    2377739096    411.53    209.88
1294    2377739097    427.74    212.23
1295    2377739099    400.23    213.63
1296    2377739106    416.22    216.9
1297    2377739115    413.32    219.97
1298    2377739116    441.85    230.7
1299    2377739119    436.37    232.28
1300    2377739129    438.66    236.85
1301    2377739135    441.04    239.59
1302    2377739142    453.71    244.17
1303    2377739152    461.54    254.57
1304    2377739155    468.22    263.21
1305    2377739160    470.68    266.87
1306    2377739162    462.68    267.12
1307    2377739165    461.27    268.54
1308    2377739166    468.14    268.7
1309    2377739169    473.24    270.7
1310    2377739170    462.59    272.19
1311    2377739175    450.36    276.77
1312    2377739176    455.91    276.85
1313    2377743300    413.77    499.96
1314    2377743306    411.02    513.81
1315    2377743316    396.59    517.98
1316    2377743321    380.85    518.75
1317    2377743323    364.03    519.5
1318    2377743330    390.97    521.02
1319    2377743332    344.32    521.17
1320    2377743333    364.43    521.62
1321    2377743336    381.99    521.92
1322    2377743340    358.09    522.9
1323    2377743342    409.18    523.29
1324    2377743345    407.89    523.74
1325    2377743350    383.11    524.43
1326    2377743351    398.43    524.5
1327    2377743359    414.87    525.71
1328    2377743360    380.47    525.79
1329    2377743364    376.78    527.53
1330    2377743365    404.12    527.69
1331    2377743368    373.41    529.43
1332    2377743372    359.4    531.16
1333    2377743375    355.19    533.28
1334    2377743377    348.66    533.66
1335    2377743388    408.85    538.63
1336    2377743389    411.97    538.82
1337    2377743393    371.81    540.72
1338    2377743394    360.82    540.87
1339    2377743400    341.02    542.32
1340    2377743408    341.53    543.97
1341    2377743409    383.04    545.58
1342    2377743412    391.54    546.79
1343    2377743422    422.23    206.42
1344    2377743427    421.65    211.66
1345    2377743429    426.88    212.62
1346    2377743431    427.87    213.66
1347    2377743435    429.36    214.69
1348    2377743442    423.27    219.13
1349    2377743443    455.02    245.8
1350    2377743447    455.91    248.18
1351    2377743451    454.04    249.18
1352    2377743452    447.88    249.71
1353    2377743454    455.35    250.12
1354    2377743455    458.45    250.8
1355    2377743460    456.22    251.7
1356    2377743465    444.96    253.18
1357    2377743477    445.55    254.9
1358    2377743487    445.32    257.15
1359    2377743494    454.46    258.5
1360    2377743495    464.69    258.64
1361    2377743498    459.5    259.26
1362    2377743500    445.19    259.56
1363    2377743508    441.41    260.59
1364    2377743510    457.2    260.79
1365    2377743513    456.61    261.45
1366    2377743514    456.51    261.56
1367    2377743517    447.37    262.09
1368    2377743521    455.76    262.83
1369    2377743528    451.68    263.88
1370    2377743536    452.92    266.36
1371    2377743540    455.28    269.59
1372    2377748707    411.23    493.6
1373    2377748710    415.31    494.03
1374    2377748712    393.22    494.18
1375    2377748718    417.95    496.22
1376    2377748728    407.48    503.35
1377    2377748730    378.74    503.42
1378    2377748733    407.14    505.77
1379    2377748742    402.95    507.53
1380    2377748753    360.93    509.13
1381    2377748771    407.98    512.37
1382    2377748773    362.92    512.57
1383    2377748776    407.94    512.57
1384    2377748779    353.09    512.71
1385    2377748805    355.43    516.43
1386    2377748812    374.6    517.29
1387    2377748815    369.27    517.5
1388    2377748827    361.55    519
1389    2377748830    368.92    519.22
1390    2377748849    368.06    532.74
1391    2377748851    416.44    533.8
1392    2377748854    412.28    535.01
1393    2377748868    422.13    536.76
1394    2377748887    421.39    541.91
1395    2377748894    371.79    544.94
1396    2377748931    411.01    550.62
1397    2377748934    391.26    550.7
1398    2377748956    377.61    553.44
1399    2377748958    400.56    554.19
1400    2377748960    372.2    554.22
1401    2377748963    377.66    554.42
1402    2377748981    410.52    556.7
1403    2377748986    377.79    556.92
1404    2377748990    406.66    557.15
1405    2377749010    373.14    558.51
1406    2377749026    410.16    561.15
1407    2377749047    373.64    562.72
1408    2377749053    400.17    564.39
1409    2377749057    413.15    566.93
1410    2377766603    351.42    239.39
1411    2377766610    399.18    241.3
1412    2377766616    371.09    242.74
1413    2377766626    395.75    244.92
1414    2377766633    360.96    245.58
1415    2377766647    366.95    246.83
1416    2377766651    401.87    246.92
1417    2377766653    368.71    247.21
1418    2377766666    364.45    248.01
1419    2377766679    387.5    249.45
1420    2377766683    399.8    251.08
1421    2377766708    379.44    254.51
1422    2377766710    362.64    254.61
1423    2377766726    366.18    261.74
1424    2377766727    357.94    283.35
1425    2377766730    362.16    284.68
1426    2377766748    350.33    286.59
1427    2377766753    357.56    286.76
1428    2377766757    360.42    287.82
1429    2377766761    351.59    288.71
1430    2377766763    360.88    289.09
1431    2377780526    403.43    461.92
1432    2377780532    419.98    463.1
1433    2377780547    409.52    466.86
1434    2377780549    339.35    467.21
1435    2377780556    407.87    467.45
1436    2377780567    411.76    471.09
1437    2377780574    339.6    473.8
1438    2377780579    379.35    475.57
1439    2377780580    372.75    475.81
1440    2377780581    369.27    476.04
1441    2377780586    365.04    476.87
1442    2377780594    360.94    477.92
1443    2377780598    365.41    479.1
1444    2377780602    335.62    479.33
1445    2377780611    363.92    481.92
1446    2377780615    335.74    484.03
1447    2377780617    334.5    486.27
1448    2377780621    368.72    486.87
1449    2377780636    324.22    491.11
1450    2377780638    335.49    491.79
1451    2377780640    353.16    492.85
1452    2377780646    345.69    494.74
1453    2377780648    353.29    495.79
1454    2377780662    343.73    500.87
1455    2377780684    357.08    503.09
1456    2377780690    372.01    504.15
1457    2377780696    372.33    505.29
1458    2377780697    351.98    505.45
1459    2377780701    333.31    506.39
1460    2377780702    357.7    506.39
1461    2377780708    352.35    507.8
1462    2377780731    347.09    511.11
1463    2377780739    343.51    514.73
1464    2377780743    341.58    519.91
1465    2377783115    368.81    385.76
1466    2377783121    373.95    389.9
1467    2377799910    410.57    479.01
1468    2377799931    406.58    486.94
1469    2377799937    412.1    488.16
1470    2377799943    422.53    489.62
1471    2377799958    408.02    490.85
1472    2377799964    423.06    491.93
1473    2377799968    403.44    492.3
1474    2377799970    414.16    493.9
1475    2377799972    403.81    494.43
1476    2377799976    394.98    497.21
1477    2377800002    443.3    517.22
1478    2377800017    449.92    521.85
1479    2377800025    373.93    524.45
1480    2377800029    442.72    524.81
1481    2377800034    449.51    525.61
1482    2377800039    378.31    526.81
1483    2377800044    372.53    527.49
1484    2377800048    368.25    527.85
1485    2377800052    383.77    528.23
1486    2377800056    434.08    528.28
1487    2377800063    374.36    528.9
1488    2377800065    365.96    528.93
1489    2377800069    379.77    528.98
1490    2377800084    362.04    530.43
1491    2377800086    371.92    530.52
1492    2377800090    434.36    530.67
1493    2377800096    438.31    530.92
1494    2377800100    370.59    531.33
1495    2377800127    391.76    532.86
1496    2377800136    422.61    533.99
1497    2377800142    443.14    536.21
1498    2377800144    379.13    536.42
1499    2377800155    440.82    536.51
1500    2377800159    465.95    536.79
1501    2377800161    435.1    537.13
1502    2377800163    431.08    537.58
1503    2377800170    383.61    539.4
1504    2377800171    441.47    540.32
1505    2377800173    437.66    541.05
1506    2377800178    411.61    543.31
1507    2377800180    445.8    545.4
1508    2377800183    443.35    545.81
1509    2377800188    436.65    546.58
1510    2377800192    431.08    546.82
1511    2377800194    441.62    547.45
1512    2377800196    421.26    547.59
1513    2377800199    413.43    548.43
1514    2377800209    439.27    558.61
1515    2377800458    326.32    437.18
1516    2377800460    333    437.85
1517    2377800464    337.6    438.44
1518    2377800469    383.85    446.58
1519    2377800470    381    447.3
1520    2377800471    422.92    448.51
1521    2377800475    382.07    449.98
1522    2377800480    378.01    451.26
1523    2377800481    402.61    451.37
1524    2377800487    384.06    452.03
1525    2377800489    380.9    452.45
1526    2377800491    379.82    452.71
1527    2377800492    378.37    453.05
1528    2377800495    423.28    453.8
1529    2377800500    344.53    454.25
1530    2377800510    416.74    455.18
1531    2377800514    335.66    455.5
1532    2377800515    345.69    455.69
1533    2377800519    382.8    456.21
1534    2377800523    419.72    456.61
1535    2377800528    350.4    457
1536    2377800530    376.66    457.49
1537    2377800540    323.79    458.52
1538    2377800547    349.76    459.29
1539    2377800551    427.52    460.39
1540    2377800562    342.61    464.72
1541    2377800563    447.17    464.89
1542    2377800567    442.62    465.58
1543    2377800568    413.96    465.6
1544    2377800570    349.63    465.69
1545    2377800571    442.04    465.8
1546    2377800573    440.82    466.28
1547    2377800574    346.7    466.53
1548    2377800580    414.81    467.41
1549    2377800585    322.57    467.7
1550    2377800592    413.34    468.25
1551    2377800602    441.75    469.04
1552    2377800603    421    469.46
1553    2377800607    427.19    469.82
1554    2377800609    422.02    471.03
1555    2377800610    347.85    471.12
1556    2377800611    439.84    471.99
1557    2377800619    363.59    473.7
1558    2377800622    358.17    474.55
1559    2377800623    352.67    475.15
1560    2377800624    351.42    475.95
1561    2377800625    352.06    477.64
1562    2377800626    431.72    478.28
1563    2377800638    346.3    482.78
1564    2377800652    320.24    485.33
1565    2377800658    343.75    490.69
1566    2377800662    339.79    491.35
1567    2377800672    345.8    495.84
1568    2377820578    375.94    427.96
1569    2377820580    373.45    428.44
1570    2377820581    367.07    428.56
1571    2377820584    369.69    429.43
1572    2377820587    367.77    430.07
1573    2377820597    373.77    431.34
1574    2377820602    387.85    432.05
1575    2377820607    360.35    432.89
1576    2377820611    384.05    433.33
1577    2377820626    379.9    436.35
1578    2377820628    363.84    436.53
1579    2377820634    385.65    437.07
1580    2377820635    356.14    437.18
1581    2377820642    360.74    438.16
1582    2377820682    347.06    441.87
1583    2377820702    366.81    445.64
1584    2377820711    370.51    446.37
1585    2377820725    372.98    450.62
1586    2377820726    370.3    451.92
1587    2377820727    349.51    461.79
1588    2377820733    350.9    464.92
1589    2377820734    355.69    465.7
1590    2377820736    354.54    466.79
1591    2377820737    351.73    467.09
1592    2377820738    359.96    467.69
1593    2377820744    350.58    468.9
1594    2377820750    357.09    470.47
1595    2377820758    340.28    474.06
1596    2377820767    321.64    474.72
1597    2377820773    321.36    476.87
1598    2377820774    351.8    476.94
1599    2377820776    350.3    477.07
1600    2377820794    345.61    479.97
1601    2377820795    432.14    480.55
1602    2377820802    357.45    482.09
1603    2377820806    355.74    482.2
1604    2377820817    357.97    483.71
1605    2377820820    355.88    484.23
1606    2377820828    411.91    486.27
1607    2377820836    407.75    486.79
1608    2377820842    350.63    487.08
1609    2377820843    419.06    487.19
1610    2377820875    402.84    489.12
1611    2377820891    415.17    490.36
1612    2377820900    395.88    491.29
1613    2377820904    423.05    491.94
1614    2377820908    404.07    494.39
1615    2377820909    419.46    494.86
1616    2377820913    391.82    496.2
1617    2377820920    409.35    497.27
1618    2377820927    409.23    499.44
1619    2377820931    409.93    501.97
1620    2377820932    411.19    502.92
1621    2377824724    399.31    507.74
1622    2377824727    401.06    511.87
1623    2377824728    398.11    511.93
1624    2377824730    406.23    512.25
1625    2377824735    403.68    516.25
1626    2377824736    405.76    516.25
1627    2377826684    465.76    456.67
1628    2377826686    463.68    458.3
1629    2377826689    465.39    459.56
1630    2377826692    463.48    461.73
1631    2377826694    464.04    462.5
1632    2377826712    477.91    466.68
1633    2377826716    474.97    467.04
1634    2377826718    466.22    467.4
1635    2377826734    461.82    470.78
1636    2377826735    469.16    470.9
1637    2377826738    478.84    471.87
1638    2377826747    356.1    476.97
1639    2377826748    363.18    477.28
1640    2377826754    359.8    481.61
1641    2377826768    346.02    489.63
1642    2377826775    351.11    493.45
1643    2378838251    334.49    410.2
1644    2378838262    348.72    418.73
1645    2378866443    372.45    366.15
1646    2378866445    377    369.07
1647    2378866449    369.49    370.86
1648    2378866451    375.68    371.36
1649    2378866453    366.02    371.84
1650    2378866457    368.78    373.64
1651    2378866460    378.79    374.1
1652    2378866464    353.44    375.87
1653    2378866467    369.11    376.28
1654    2378866472    364.78    377.69
1655    2378866474    367.88    377.93
1656    2378869530    350.36    356.18
1657    2378869534    358.14    361.63
1658    2378872873    338.27    397.63
1659    2378872877    344.61    401.24
1660    2378872898    346.61    431.83
1661    2378872901    341.66    433.36
1662    2378872904    345.17    434.8
1663    2378872905    347.33    435.15
1664    2379741894    306.82    371.37
1665    2379741895    293.75    371.8
1666    2379741899    294.23    378.29
1667    2379741900    277.67    378.99
1668    2379741902    305.31    379.65
1669    2379741904    283.16    380.51
1670    2379741905    279.25    382.73
1671    2379741910    260.5    387.87
1672    2379741912    257.11    389.05
1673    2379741917    247.71    392.7
1674    2379741922    302.58    394.31
1675    2379741923    243.3    394.97
1676    2379741924    326.84    395.77
1677    2379741926    280.49    396.56
1678    2379741941    337.63    399.84
1679    2379741950    317.58    400.88
1680    2379741956    269.6    402.67
1681    2379741975    248    406.18
1682    2379741976    274.51    406.18
1683    2379741978    246.17    406.91
1684    2379741984    318.76    408.27
1685    2379741986    254.39    408.45
1686    2379741989    323.74    409.16
1687    2379741994    233.98    410.26
1688    2379741997    307.31    410.86
1689    2379741999    334.18    411.1
1690    2379742002    311.41    416.29
1691    2379742003    317.46    416.58
1692    2379742004    228.14    416.81
1693    2379742009    253.32    421.16
1694    2379742017    245.37    424.24
1695    2379742018    320.33    424.77
1696    2379742021    318.68    425.54
1697    2379742024    318.81    427.14
1698    2379742025    240.16    427.32
1699    2379742027    236.12    427.69
1700    2379742028    241.69    428.27
1701    2379742029    238.46    428.55
1702    2379742035    273.12    431.63
1703    2379742041    250.84    433.36
1704    2379742043    288.72    434.68
1705    2379742050    301.53    435.82
1706    2379742059    310.28    439.06
1707    2379742065    276.25    440.38
1708    2379742070    283.42    441.24
1709    2379742071    313.41    441.65
1710    2379742072    266.42    442.53
1711    2379742077    251.15    449.84
1712    2379742078    259.98    456.64
1713    2379742079    304.97    457.88
1714    2379742086    301.32    461.39
1715    2379742090    314.88    463.24
1716    2379742092    323.12    463.53
1717    2379742093    310.67    463.82
1718    2379742106    302.25    466.9
1719    2379742109    295.33    467.92
1720    2379742110    293.64    467.98
1721    2379742114    297.74    469.27
1722    2379742117    310.54    469.61
1723    2379742119    283.26    469.87
1724    2379742124    301.59    471.98
1725    2379742126    297.61    472.72
1726    2379742129    280.01    473.18
1727    2379742131    311.1    473.67
1728    2379742134    302.56    474.01
1729    2379742138    310.28    475.89
1730    2379742146    304.12    480.9
1731    2379742148    308.26    483.82
1732    2379745649    261.99    396.87
1733    2379745651    255.36    397.04
1734    2379745656    250.26    398.17
1735    2379745665    264.76    400.61
1736    2379745668    263.62    401.05
1737    2379745674    260.39    402.3
1738    2379745677    246.4    411.1
1739    2379745692    249.28    415.68
1740    2379745694    260.01    415.74
1741    2379745700    246.88    416.64
1742    2379745703    255.17    417.6
1743    2379745723    242.55    421.26
1744    2379745740    265.56    424.36
1745    2379745743    258.68    424.65
1746    2379745746    271.85    424.92
1747    2379745752    265.84    426.36
1748    2379745755    255.45    426.83
1749    2379745765    253.83    429.76
1750    2379745776    271.58    432.15
1751    2379745779    229.59    432.21
1752    2379745790    263.99    432.44
1753    2379745805    271.55    438.16
1754    2379748848    294.42    394.86
1755    2379748850    293.6    399.73
1756    2379748851    302.53    442.84
1757    2379748863    283.54    445.98
1758    2379748868    281.81    446.42
1759    2379748869    276.46    446.48
1760    2379748873    264.08    448.14
1761    2379748881    289.82    449.87
1762    2379748882    263.34    450.57
1763    2379748887    272.56    451.4
1764    2379748892    271.38    452.82
1765    2379748899    290.78    455.78
1766    2379748904    272.95    456.95
1767    2379748906    286.06    458.43
1768    2379748910    278.68    464.14
1769    2379751782    319.34    389.29
1770    2379751783    327.94    389.35
1771    2379751787    322.8    389.9
1772    2379751792    328.92    391.07
1773    2379751799    339.39    393.82
1774    2379751805    262.69    408.14
1775    2379751806    273.3    408.92
1776    2379751809    261.84    411.64
1777    2379751813    262.23    413.43
1778    2379751814    275.11    414.75
1779    2379751825    287.56    422.47
1780    2379751832    294.01    425.55
1781    2379751846    276.05    428.58
1782    2379751848    288.16    429.07
1783    2379751852    285.09    429.75
1784    2379751853    291.94    430.43
1785    2379751859    306.24    433.41
1786    2379760629    272.74    386.7
1787    2379760634    285.18    388.87
1788    2379760636    262.64    390.8
1789    2379760637    284.9    391.23
1790    2379760641    270.25    393.32
1791    2379760643    217.46    402.34
1792    2379760647    235.24    404.9
1793    2379760653    244.82    407.34
1794    2379760658    221.04    409.95
1795    2379760664    247.56    426.07
1796    2379760669    249.32    429.76
1797    2379760671    251.35    430.11
1798    2379760679    245.14    433.62
1799    2379760681    302.54    438.56
1800    2379760684    288.85    440.1
1801    2379760694    290.89    443.45
1802    2379760695    325.35    445.43
1803    2379760696    318.84    445.67
1804    2379760699    307.78    452.26
1805    2379760709    290.5    478.19
1806    2379760713    320.87    480.56
1807    2379760714    315.73    480.65
1808    2379760717    308.83    481.3
1809    2379767369    240.2    396.14
1810    2379767370    228.66    396.28
1811    2379767372    235.71    397.13
1812    2379767377    231.01    399.54
1813    2379767381    243.65    402.18
1814    2379767386    310.86    412.09
1815    2379767391    318.13    413.92
1816    2379767394    304.55    423.44
1817    2379767404    311.53    430.25
1818    2379767414    320.71    434.86
1819    2379767418    313.11    435.74
1820    2379767422    325.08    437.33
1821    2379767423    317.78    440.99
1822    2379767437    316.35    452.41
1823    2379767441    324.23    454.92
1824    2379767443    319.54    455.06
1825    2379767444    317.26    455.42
1826    2379770476    255.54    392.62
1827    2379770477    328.75    394.02
1828    2379770486    266.07    397.73
1829    2379770487    331.72    398.38
1830    2379770489    263.15    399.61
1831    2379770492    258.92    402.18
1832    2379770493    244.62    411.5
1833    2379770496    323.03    413.97
1834    2379770502    230.56    420.71
1835    2379770507    222.28    426.39
1836    2379777277    369.9    340.22
1837    2379777290    352.61    348.49
1838    2379777311    373.5    363.63
1839    2379777329    368.29    370.24
1840    2379777331    380.37    371.86
1841    2379779320    209.88    410.27
1842    2379782612    127.3    412.56
1843    2379782615    136.42    412.77
1844    2379782617    155.23    413.22
1845    2379782650    118.86    426.83
1846    2379782662    128.95    430.12
1847    2379782666    131.44    431.51
1848    2379782668    134.3    431.6
1849    2379782679    117.48    433.81
1850    2379782681    125.64    434.04
1851    2379782693    148.45    438.59
1852    2379782695    125.23    438.87
1853    2379782710    134.2    442.23
1854    2379782718    128.77    444.31
1855    2379782720    125.26    444.49
1856    2379782722    130.79    446.15
1857    2379782726    125.08    448.32
1858    2379782734    131.96    450.42
1859    2379782738    113.77    452.62
1860    2379782748    124.67    454.04
1861    2379782758    134.83    455.78
1862    2379782762    128.12    457.93
1863    2379782778    111.78    462.65
1864    2379782779    124.39    462.73
1865    2379782782    117.13    463.84
1866    2379782783    128.62    464.21
1867    2379782786    123.64    466.74
1868    2379782788    126.77    467.42
1869    2379782793    110.36    469.84
1870    2379782797    119.02    470.81
1871    2379782799    122.34    472.84
1872    2379782800    121.95    474.56
1873    2379782805    109.1    476.25
1874    2379782811    118.17    477.95
1875    2379782812    118.89    479
1876    2379782813    108.3    480.29
1877    2379782817    117.52    482.94
1878    2379782822    113.66    493.59
1879    2379802039    162.1    413.39
1880    2379802040    169.17    413.55
1881    2379802041    140.87    413.66
1882    2379802045    161.25    418.08
1883    2379802057    139.18    423.15
1884    2379802067    183.61    427.06
1885    2379802077    186.58    430.88
1886    2379802087    181.54    434.76
1887    2379802090    181.35    435.01
1888    2379802091    142.63    435.03
1889    2379802092    143.68    435.22
1890    2379802100    141.85    437.67
1891    2379802109    140.94    439.71
1892    2379802123    175.02    442.95
1893    2379802126    196.46    443.57
1894    2379802140    155.46    445.29
1895    2379802144    145.41    446.02
1896    2379802147    142.02    446.27
1897    2379802156    157.86    447.68
1898    2379802159    184.9    447.96
1899    2379802170    159.51    449.77
1900    2379802174    164.51    450.34
1901    2379802176    158.36    450.82
1902    2379802183    161.63    451.99
1903    2379802186    140.91    452.18
1904    2379802187    157.02    452.39
1905    2379802189    138.97    452.88
1906    2379802201    143.92    456.45
1907    2379802208    163.42    458.44
1908    2379802218    130.72    461.14
1909    2379802225    187.01    463.09
1910    2379802227    137.41    463.42
1911    2379802228    130.44    463.78
1912    2379802236    132.13    465.39
1913    2379802240    186.31    466.24
1914    2379802245    181.84    467.15
1915    2379802251    177.92    469.65
1916    2379802255    137.08    470.37
1917    2379802258    131.02    470.81
1918    2379802259    170.28    471.14
1919    2379802263    145.59    473.16
1920    2379802270    135.27    475.74
1921    2379802272    138.2    476.79
1922    2379802273    140.4    476.86
1923    2379802280    126.8    478.76
1924    2379802301    128.36    483.99
1925    2379802306    131.95    486.89
1926    2379802312    117.08    494.31
1927    2379802314    136.71    497.73
1928    2379805337    195.59    411.04
1929    2379805339    179.57    413.03
1930    2379805363    149.3    422.53
1931    2379805364    144.02    423.7
1932    2379805371    199.82    425.71
1933    2379805377    190.7    427.37
1934    2379805378    143.37    427.52
1935    2379805379    204.24    427.75
1936    2379805380    203.28    428.36
1937    2379805389    149.24    434.1
1938    2379805390    143.95    468.29
1939    2379805398    133.79    476.52
1940    2380804484    424.48    427.25
1941    2380804499    429.31    434.44
1942    2380804501    452.06    438.78
1943    2380806479    438.73    439.72
1944    2380806485    389.99    441.33
1945    2380806487    433.69    441.54
1946    2380806491    425.17    443.21
1947    2380806492    449.31    443.31
1948    2380806493    442.91    443.82
1949    2380806496    419.05    444.63
1950    2380806497    422.63    445.29
1951    2380806498    416.04    445.39
1952    2380806500    402.17    445.73
1953    2380806501    419.35    446.07
1954    2380806502    429.4    448.29
1955    2380806503    426.07    448.5
1956    2380846211    447.38    275.7
1957    2380846215    451.87    279.95
1958    2380846216    430.79    281.51
1959    2380846225    463.21    294.77
1960    2380846228    464.01    396.98
1961    2380846232    445.5    400.51
1962    2380846241    446.34    401.94
1963    2380846244    444.8    402.97
1964    2380846247    443.45    403.7
1965    2380846250    446.59    404.43
1966    2380846258    459.56    406.37
1967    2380846260    450.13    406.92
1968    2380846261    462.32    407.28
1969    2380846264    469.7    407.95
1970    2380846271    462.32    409.77
1971    2380846276    458.98    411.28
1972    2380846280    455.96    412.31
1973    2380846286    460.24    413.7
1974    2380846290    471.05    414.38
1975    2380846294    507.91    415.49
1976    2380846299    448.15    416.11
1977    2380846305    465.34    417.41
1978    2380846306    513.61    417.67
1979    2380846308    510.98    418.15
1980    2380846310    514.19    419.06
1981    2380846314    462.32    420.63
1982    2380846317    464.69    421.96
1983    2380846318    469.63    422.57
1984    2380846320    465.53    423.18
1985    2380846321    463.73    423.42
1986    2380846322    462.45    424.63
1987    2380846323    471.37    424.75
1988    2380846324    470.46    424.97
1989    2380846328    464.76    426.09
1990    2380846331    457.39    427.57
1991    2380846333    474.26    432.7
1992    2380847189    463.54    362.99
1993    2380847197    458.43    365.2
1994    2380847213    456.15    367.06
1995    2380847221    468.1    368.39
1996    2380847229    464.44    370.64
1997    2380847236    448.41    372.18
1998    2380847247    462.96    376.58
1999    2380847249    455.64    377.07
2000    2380847260    479.04    379.94
2001    2380847263    447.75    380.46
2002    2380847269    475.63    382.16
2003    2380847272    453.46    383.68
2004    2380847282    463.08    390.19
2005    2380847283    461.14    391.41
2006    2380867088    488.42    311.01
2007    2380867101    497.44    319.9
2008    2380867105    478.37    320.45
2009    2380867115    475.09    322.94
2010    2380867126    482.41    324.71
2011    2380867128    478.94    325.13
2012    2380867149    479.2    329.81
2013    2380867156    478.04    331.2
2014    2380867161    515.23    332.47
2015    2380867168    486.51    333.51
2016    2380867178    517.73    336.24
2017    2380867188    490.75    338.36
2018    2380867196    494.68    340.01
2019    2380867198    499.38    340.27
2020    2380867199    508.59    340.58
2021    2380867205    490.34    342.76
2022    2380867212    503.05    344.84
2023    2380867226    491.91    348.49
2024    2380867228    516.82    349.16
2025    2380867241    477.23    351.68
2026    2380867248    499.35    354.38
2027    2380867252    486.77    355.16
2028    2380867255    481.06    356.01
2029    2380867262    494.73    357.65
2030    2380867268    490.88    358.2
2031    2380867282    508.7    360.57
2032    2380867328    487.28    363.96
2033    2380867336    500.52    365.31
2034    2380867346    497.49    367.34
2035    2380867355    495.36    368.77
2036    2380867360    493.23    370.2
2037    2380878836    216.87    430.21
2038    2380878841    208.66    435
2039    2380878843    223.74    436.06
2040    2380878844    204.99    437.39
2041    2380878846    218.12    440.43
2042    2380878848    205.22    456.02
2043    2380878849    196.03    456.83
2044    2380878853    200.27    460.6
2045    2380878855    267.47    463.21
2046    2380878856    200.71    463.41
2047    2380878857    193.99    464.31
2048    2380878859    210.03    465.27
2049    2380878861    195.47    466.88
2050    2380878869    190.31    470.04
2051    2380878880    224.48    473.5
2052    2380878889    215.35    474.59
2053    2380878890    282.86    474.72
2054    2380878892    160.78    475.08
2055    2380878895    225.41    475.66
2056    2380878899    211.31    476.2
2057    2380878904    172.92    476.65
2058    2380878927    222.14    479.73
2059    2380878935    173.01    480.78
2060    2380878962    153.7    486.72
2061    2380878965    271.21    487
2062    2380878967    157.46    487.22
2063    2380878970    170.21    488.37
2064    2380878982    165.93    491.18
2065    2380878990    271.88    492.96
2066    2380878991    214.24    493.51
2067    2380878998    258.54    494.94
2068    2380878999    248.16    495.06
2069    2380879013    274.42    498.04
2070    2380879016    262.31    498.97
2071    2380879017    210.11    499.12
2072    2380879020    277.69    500.2
2073    2380879023    147.23    500.61
2074    2380879032    230.07    501.71
2075    2380879033    247.11    501.95
2076    2380879044    257.55    504.11
2077    2380879045    162.24    504.2
2078    2380879046    234.99    504.25
2079    2380879049    249.95    504.93
2080    2380879050    206.37    505.16
2081    2380879051    262.74    505.16
2082    2380879072    230.55    508.14
2083    2380879077    234.14    508.9
2084    2380879087    248.1    512.46
2085    2380879089    248.28    512.46
2086    2380879109    203.92    514.48
2087    2380879121    220.82    520.88
2088    2380879125    232.31    526.12
2089    2380879824    427.16    284.46
2090    2380879846    438.34    297.78
2091    2380879859    434.13    301.02
2092    2380879885    459.66    304.51
2093    2380879891    437.59    305.33
2094    2380879911    446.23    307.82
2095    2380879921    427.73    309.35
2096    2380879937    450.6    311.5
2097    2380879941    365.23    312.55
2098    2380879943    394.91    313.13
2099    2380879947    403.89    313.61
2100    2380879951    424.64    314.67
2101    2380879957    425.82    315.96
2102    2380879960    472.92    316.31
2103    2380879978    387.46    320.28
2104    2380879984    435.93    321.49
2105    2380879988    384.77    322.83
2106    2380879990    430.93    324.34
2107    2380879999    402.5    327.86
2108    2380880000    385.03    328.29
2109    2380880001    467.56    328.68
2110    2380880009    410.82    330.21
2111    2380880019    418.17    332.79
2112    2380880036    410.11    336.26
2113    2380880038    413.86    336.85
2114    2380880061    406.93    341.64
2115    2380880064    428.33    341.84
2116    2380880065    404.37    343.19
2117    2380880068    411.36    343.64
2118    2380880071    479.38    344.07
2119    2380880072    428.1    344.59
2120    2380880073    470.71    344.74
2121    2380880075    474.43    345.1
2122    2380880076    477.7    345.1
2123    2380880077    412.76    345.19
2124    2380880084    475.78    346.56
2125    2380880085    478.86    346.92
2126    2380880087    416.99    347.07
2127    2380880090    474.5    347.47
2128    2380880091    482.79    347.77
2129    2380880101    410.72    349.39
2130    2380880107    478.01    351.13
2131    2380880109    503.06    351.17
2132    2380880110    411.81    351.19
2133    2380880112    426.79    351.79
2134    2380880114    433.69    352.15
2135    2380880115    505.3    352.2
2136    2380880116    429.47    352.4
2137    2380880120    503.64    353.59
2138    2380880125    430.7    354.34
2139    2380880129    429.78    355.01
2140    2380880131    412.81    355.87
2141    2380880135    419.26    357.07
2142    2380880137    468.56    357.58
2143    2380880148    480.2    359.56
2144    2380880151    422.2    360.15
2145    2380880155    443.49    360.84
2146    2380880161    445.85    362.26
2147    2380880171    437.77    364.88
2148    2380880186    472.95    370.01
2149    2380880191    449.69    371.41
2150    2380880194    485.41    372.04
2151    2380880195    443.54    372.17
2152    2380880197    445.05    374.21
2153    2380880198    487.15    374.36
2154    2380880199    484.45    376.25
2155    2380888873    404.98    301.75
2156    2380888884    412.94    307.63
2157    2380888890    420.96    309.15
2158    2380888905    419.49    312.18
2159    2380888913    393.27    314.7
2160    2380888926    441.11    318.24
2161    2380888931    437.77    320.33
2162    2380888935    398.56    321.83
2163    2380888953    427.19    326.39
2164    2380888959    439.06    328.77
2165    2380888962    442.98    329.05
2166    2380888963    435.08    329.59
2167    2380888965    457.34    329.83
2168    2380888967    430.2    330.14
2169    2380888974    434.31    331.96
2170    2380888978    444.97    332.99
2171    2380888979    456.77    333.11
2172    2380888983    458.46    335.4
2173    2380888994    432.7    338.94
2174    2380888996    452.89    339.11
2175    2380889040    446.26    343.52
2176    2380889047    444.93    344.39
2177    2380889050    443.72    345.2
2178    2380889056    397.74    347.14
2179    2380889072    468.78    348.85
2180    2380889106    469.55    353.16
2181    2380889116    473.27    354.4
2182    2380889133    406.65    358.38
2183    2380889139    455.23    358.86
2184    2380889141    446.5    359.03
2185    2380889153    459.99    360.5
2186    2380889157    409.02    360.92
2187    2380889169    460.85    363.23
2188    2380889176    412.78    366.25
2189    2380889178    422.89    377.06
2190    2380889180    468.46    378.64
2191    2380889182    436.75    379
2192    2380889191    429.64    381.07
2193    2380889196    470.19    382.03
2194    2380889198    465.93    382.5
2195    2380889205    472.23    384.39
2196    2380889211    436.17    384.89
2197    2380889217    437.71    386.77
2198    2380889221    445.16    387.62
2199    2380889223    439.38    388.47
2200    2380889227    435.58    388.61
2201    2380889248    449.07    395.44
2202    2380889249    450.58    397.5
2203    2380892532    457.94    312.91
2204    2380892534    447.39    314.02
2205    2380892545    462.93    317.51
2206    2380892553    460.46    320.73
2207    2380892566    460.25    325.89
2208    2380892569    460.7    327.04
2209    2380892572    468.88    327.67
2210    2380892576    460.25    329.65
2211    2380892579    462.58    332.48
2212    2380892580    420.06    361.55
2213    2380892581    418.78    362.38
2214    2380892588    424.9    365.95
2215    2380892600    439.46    371.75
2216    2380892601    424.51    372.02
2217    2380892602    434.52    372.75
2218    2380892606    430.09    376.51
2219    2380892609    438.83    377.82
2220    2380892613    433.27    380.97
2221    2380892617    440.23    393.47
2222    2380892621    433.66    398.12
2223    2380892623    527.98    400.04
2224    2380892628    521.56    404.2
2225    2380892631    532.79    405.7
2226    2380892634    516.75    407.3
2227    2380892635    526.82    407.46
2228    2380896150    460.57    276.94
2229    2380896160    454.26    277.91
2230    2380896217    462.61    286.33
2231    2380896221    456.93    286.85
2232    2380896233    482.64    287.64
2233    2380896265    426.49    289.18
2234    2380896327    430.03    292.35
2235    2380896331    428.03    292.61
2236    2380896377    463.66    295.3
2237    2380896434    467.35    299.61
2238    2380896440    460.25    300.25
2239    2380896444    455.55    300.77
2240    2380896457    453.88    302.04
2241    2380896461    462.31    302.51
2242    2380896493    457.86    304.04
2243    2380896510    483.1    306
2244    2380896563    539.91    386.77
2245    2380896569    549.51    388.86
2246    2380896571    543.25    389.11
2247    2380931924    208.46    429.32
2248    2380931926    205.49    431.42
2249    2380931929    211.21    433.5
2250    2380931939    260.37    466.62
2251    2380931946    202.09    470.48
2252    2380931950    206.42    472.18
2253    2380931953    231.92    472.94
2254    2380931957    181.64    475.37
2255    2380931959    195.86    476.08
2256    2380931961    244.83    476.16
2257    2380931962    243.53    476.27
2258    2380931968    197.15    480.52
2259    2380931980    209.94    487.47
2260    2380931982    291.25    491.71
2261    2380931989    255.84    500.27
2262    2380932004    228.02    524.16
2263    2380933219    258.53    517.05
2264    2380933225    244.48    518.4
2265    2380933235    246.66    521.53
2266    2380933241    237.97    528.96
2267    2381984250    289.6    493.81
2268    2381984256    305.38    499.11
2269    2381984262    294.81    500.98
2270    2381984265    298.52    506.59
2271    2381984266    326.77    507.36
2272    2381984270    321.54    510.86
2273    2381984271    284.44    511.96
2274    2381984274    293.58    513.42
2275    2381984282    317.35    515.99
2276    2381984285    287.34    516.75
2277    2381984297    320.68    521.6
2278    2381984298    277.95    521.77
2279    2381984302    327.84    523.47
2280    2381984303    326.24    523.94
2281    2381984311    314.87    526.62
2282    2381984315    312.16    527.44
2283    2381984317    302.5    527.83
2284    2381984321    292.24    528.59
2285    2381984340    304.91    531.62
2286    2381984342    320.43    531.75
2287    2381984343    294.04    531.8
2288    2381984344    315.89    531.83
2289    2381984345    338.47    532.35
2290    2381984349    292.74    532.62
2291    2381984359    323.92    535.21
2292    2381984370    331.78    537.86
2293    2381984375    280.69    539.04
2294    2381984379    271.11    540.15
2295    2381984384    253.46    541.11
2296    2381984388    314.17    541.9
2297    2381984390    279.4    542.37
2298    2381984391    304.18    542.65
2299    2381984398    308.72    544.47
2300    2381984400    330.65    545.21
2301    2381984404    322.67    545.72
2302    2381984407    320.26    546.12
2303    2381984408    309.69    547.52
2304    2381984412    316.83    549.43
2305    2381984416    322.79    553.14
2306    2381984419    349.71    554.91
2307    2381984426    319.03    555.95
2308    2381984431    316.85    557.1
2309    2381984433    326.02    557.43
2310    2381984436    308.9    558.34
2311    2381984441    339.56    558.75
2312    2381984443    341.92    559.74
2313    2381984448    363.42    562.08
2314    2381984451    304.53    564.28
2315    2381984453    331.44    564.53
2316    2381984456    322.78    564.86
2317    2381984462    362.53    566.93
2318    2381984466    362.8    570.48
2319    2381984473    301.11    576.45
2320    2381984477    366.04    579.87
2321    2381984478    322.31    582.9
2322    2381991867    322.56    502.01
2323    2381991870    318.73    504.08
2324    2381991879    317.43    508.34
2325    2381991880    315.01    508.43
2326    2381991881    314.41    508.46
2327    2381991882    301.8    508.87
2328    2381991885    299.89    509.74
2329    2381991888    298.28    510.27
2330    2381991891    305.88    512.08
2331    2381991894    311.81    513.72
2332    2381991896    297.78    516.03
2333    2381991904    313.48    520.08
2334    2381991909    293.58    523.56
2335    2381991912    294.69    524.73
2336    2381991916    329.15    539.93
2337    2381991917    332.47    540.09
2338    2381991923    326.18    542.57
2339    2381991925    335.38    543.95
2340    2381991929    343.59    547.23
2341    2381991931    316.05    547.31
2342    2381991937    335.75    548.29
2343    2381991941    318.72    549.42
2344    2381991943    330.32    549.58
2345    2381991944    335.2    549.58
2346    2381991945    334.27    551.04
2347    2381991947    337.18    552.03
2348    2381991949    330.88    553.78
2349    2381991950    333.04    553.84
2350    2381991955    354.56    559.72
2351    2381991965    351.64    565.59
2352    2381991971    354.17    567.69
2353    2381991972    351.33    568.03
2354    2381991973    331.31    568.15
2355    2381991974    342.19    568.27
2356    2381991975    349.97    568.39
2357    2381991977    343.54    569.09
2358    2381991978    346.2    569.21
2359    2381991982    345.4    570.03
2360    2381991984    333.78    570.78
2361    2381991989    356.83    573.48
2362    2381991993    350.37    575.21
2363    2381992004    380.55    577.21
2364    2381992007    347.49    579.1
2365    2381992010    347.23    582.93
2366    2381992011    325.31    583.14
2367    2382029764    311.11    487.45
2368    2382029768    307.48    489.26
2369    2382029772    294    490.53
2370    2382029780    314.14    491.3
2371    2382029791    301.25    492.38
2372    2382029795    298.75    492.77
2373    2382029802    311.09    493.17
2374    2382029804    301.99    493.32
2375    2382029817    313.19    496.44
2376    2382029824    283.8    498.16
2377    2382029848    294.36    511.27
2378    2382029854    300.29    513.2
2379    2382029859    295.97    514.89
2380    2382029880    300.65    550.68
2381    2382029885    351.58    557.09
2382    2382029889    327.46    557.1
2383    2382029900    337.46    559.35
2384    2382029902    295.26    559.45
2385    2382029917    336.76    561.82
2386    2382029921    327.85    562.48
2387    2382029937    288.9    570.64
2388    2382034673    281.88    499.59
2389    2382034685    286.71    506.25
2390    2382034706    304.95    512.28
2391    2382034729    274.65    516.04
2392    2382034745    307.54    518.97
2393    2382034769    356.63    561
2394    2382034778    381.55    563.22
2395    2382034808    350.99    566.65
2396    2382034828    338.3    576.66
2397    2382034829    339.22    576.66
2398    2382034839    339.09    583.88
2399    2382034840    335.43    583.97
2400    2382036376    263.87    513.06
2403    2382047313    249.5    360.3
2404    2382047474    316.15    536.31
2405    2382047479    373.25    571.99
2406    2382053306    455.17    424.82
2407    2384984072    457.23    454.79
2408    2384984076    452.93    458.79
2409    2384984077    447.14    458.86
2410    2384984078    442.98    458.97
2411    2439595728    665.28    482.92
2412    2439602111    620.48    520.92
2413    2439602115    617.78    525.52
2414    2444287102    111.15    251.1
2415    2444287108    182.89    252.15
2416    2629418414    523.24    569.47
2417    2629418415    487.24    572.53
2418    2629418416    472.41    572.64
2419    2629418446    529.08    660.52
2420    2663220364    830.3    543.41
2421    2703182634    320.2    354.56
EOF			
